[Variables]
ercf_calib_0 = 1.0
ercf_calib_1 = 0.986027661516
ercf_calib_2 = 0.973799584541
ercf_calib_3 = 0.992453357946
ercf_calib_4 = 1.00130466995
ercf_calib_5 = 0.989174327028
ercf_calib_ref = 755.649515

